"","SampleNumber","Treatment","Humidity","PlantVolume","Temp","WaterStatus","Date","Site","MaxTemp","2-bromo-octane","Tetralin","Cuminol","2,4-dimethylacteophenone","5-ethyl-2,2,3-trimethylheptane","Z-3-Hexenyl Propionate","Nonanal
              ","2-dodecanol","p-acetylethyl phenone","2,6,10-trimethyl tetradecane","Heptadecane","cis-Z-a-bisabolene epoxide","Homomenthyl salicylate","Methyl Salicylate","1-pentadecene","Z-3-Hexenyl Acetate","Benzyl alcohol","Ethylhexanol","6-ethyl-2-methyloctane","3,6-dimethylundecane","2,2,7,7-tetramethyl octane","2-methyldecane","a-pinene","2,3,6,7-tetramethyloctane","E-Z-hexenal","2-ethylhexylsalicylate","3-ethyloctane"
"1",175,"High",30.45,22632,88.63,14.75,225,"SouthForkNorth",113.335,81504.3394140409,2971180,3577.94361525705,10132.3106688778,0,0,0,0,0,0,0,0,0,0,0,0,0,0,0,0,0,0,0,0,0,0,0
"6",187,"High",74.48,63480,70.57,NA,231,"ToadPond2",88.167,160932.685185185,2896439,7749.44444444444,23334.4444444444,0,0,0,0,0,0,0,0,0,0,0,0,0,0,0,0,0,0,0,0,0,0,0
"11",192,"Control",74.5,9464,70.57,NA,231,"ToadPond2",88.167,0,51885187,44803.6,0,243908.977777778,1589948.53333333,1819608.71111111,311844.577777778,33469.3777777778,73572.5333333333,51898.3555555556,102301.822222222,476065.066666667,0,0,0,0,0,0,0,0,0,0,0,0,0,0
"25",189,"High",74.5,63480,70.57,NA,231,"ToadPond2",88.167,0,65033836,19849.4191919192,0,0,810621.792929293,836752.689393939,101539.078282828,0,0,35227.7651515152,12980.5555555556,123270.984848485,20728.5353535354,1787.90404040404,0,0,0,0,0,0,0,0,0,0,0,0
"38",181,"Low",69.74,25752,74.32,NA,231,"SouthForkNorth",96.289,0,1148273,0,0,0,943390.816326531,992302.224489796,120497.489795918,0,0,187379.87755102,0,75530.2857142857,0,30735.4285714286,0,0,0,0,0,0,0,0,0,0,0,0
"49",185,"Control",69.74,22800,74.32,NA,231,"SouthForkNorth",96.289,0,67045058,0,0,0,1357598.79332478,1384939.79460847,159175.661103979,0,0,27356.5083440308,0,35499.974326059,0,0,0,0,0,0,0,0,0,0,0,0,0,0
"56",186,"Control",69.74,22800,74.32,NA,231,"SouthForkNorth",96.289,0,54503336,0,0,0,1495004.72400513,1515527.13735558,126514.480102696,0,0,89111.7329910141,0,65952.0667522465,0,0,0,0,0,0,0,0,0,0,0,0,0,0
"63",14,"Control",NA,43512,77.27,14,198,"ToadPond2",102.56,94871.4285714286,2808107,10332.4837662338,20561.6233766234,13197.0616883117,0,6830.27597402597,0,0,55552.9220779221,0,0,0,5906.23376623377,0,3847.04545454545,11890.5519480519,24657.3701298701,18450.3246753247,8988.27922077922,5002.4025974026,13364.4155844156,0,0,0,0,0
"83",15,"Control",NA,43512,77.27,14,198,"ToadPond2",102.56,0,2945652,9699.19227392449,25710.7638279192,0,0,0,0,0,0,0,0,8786.42669007902,0,0,0,0,0,0,0,5458.77085162423,0,135577.330992098,0,0,0,0
"90",16,"High",NA,15360,77.72,14,198,"ToadPond2",102.56,0,6931252,15017.1117424242,0,0,0,0,0,0,0,0,0,0,4024.17613636364,0,0,0,0,0,0,8384.62121212121,0,125053.181818182,0,0,0,0
"97",17,"High",NA,15360,77.72,14,198,"ToadPond2",102.56,0,2861247,8161.73020527859,24557.5198994554,0,0,0,0,0,0,0,0,0,0,0,0,0,0,0,0,8104.14746543779,0,223666.359447005,0,0,0,0
"103",18,"High",NA,15360,77.72,14,198,"ToadPond2",102.56,0,3293283,6530.97205824479,17271.1137347501,0,0,0,0,0,0,0,0,0,0,0,0,0,0,0,0,5092.16843762298,0,129826.249508068,0,0,0,0
"109",13,"Control",NA,43512,77.72,14,198,"ToadPond2",102.56,0,0,1852653.56481481,0,0,0,0,0,0,0,0,0,0,0,0,0,0,0,0,0,0,0,0,0,0,0,0
"110",84,"Control",50.95,48300,77.76,13,210,"ToadPond2",99.316,0,38576009,0,0,0,0,0,33463.6100054057,0,0,51795.8622045309,0,34635.3874883287,0,0,0,0,0,0,0,0,0,0,0,0,0,0
"116",82,"Control",50.95,48300,77.76,13,210,"ToadPond2",99.316,0,41964434,0,0,0,0,0,58588.679245283,0,0,0,0,113043.160377358,0,0,0,0,0,0,0,0,0,0,0,0,0,0
"121",80,"High",50.95,90000,77.76,12.5,210,"ToadPond2",99.316,0,52535322,0,0,0,0,0,45069.552238806,0,0,16650.5734485467,0,48234.1084053417,0,22261.4925373134,0,0,0,0,0,0,0,0,0,0,0,0
"129",83,"Control",50.95,48300,77.76,13,210,"ToadPond2",99.316,45325.1043643264,44299931,0,0,162214.003795066,0,51434.3833017078,40195.2182163188,0,0,24745.3700189753,0,24841.1385199241,0,0,0,0,0,0,0,48462.1062618596,0,0,55961.669829222,0,0,0
"139",79,"High",50.95,90000,77.76,12.5,210,"ToadPond2",99.316,0,68818674,0,0,0,0,0,70058.3564814815,0,0,77741.6898148148,0,125835.648148148,0,0,0,0,0,0,0,0,0,0,0,0,0,0
"145",26,"Low",29,8160,78.73,16,202,"PortalRoad1",103.129,0,6627681,21023.781779661,54328.9548022599,546211.228813559,0,0,0,0,0,0,0,0,0,0,0,0,0,0,641378.44279661,33386.6525423729,0,0,0,0,0,0
"153",29,"Control",29,160512,78.73,15,202,"PortalRoad1",103.129,0,6074833,12675.2005347594,112442.279411765,0,0,0,9234.5922459893,7026.13636363636,0,0,13179.5454545455,6905.18048128342,18324.9665775401,14387.4665775401,0,0,0,12571.6577540107,0,17441.2767379679,7544.85294117647,227499.064171123,0,0,0,0
"178",36,"Control",29,160512,78.73,15,202,"ToadPond",105.51,0,6414884,14349.1021736848,37242.8961461724,265789.940144912,0,0,0,0,0,0,0,0,0,0,0,0,0,0,313623.280478841,17745.0908327208,0,0,0,0,0,0
"186",27,"Low",29,8160,78.74,16,202,"PortalRoad1",103.129,0,3516150,0,97176.5573770492,1571866.50273224,0,0,0,0,0,0,0,0,0,0,0,0,0,0,1702050.6557377,61039.781420765,0,0,0,0,0,0
"191",30,"Control",29,160512,78.74,15,202,"PortalRoad1",103.129,0,3568379,42019.5378151261,84774.0546218487,1057656.51260504,0,0,0,0,0,0,0,0,0,0,0,0,0,0,1159565.05602241,46731.8277310924,0,0,0,0,0,0
"197",28,"Control",29,160512,78.74,15,202,"PortalRoad1",103.129,0,3461470,19254.0680272109,53207.6734693878,22943.0204081633,0,0,0,0,66333.7959183674,0,0,0,0,0,0,23548.1904761905,56957.8775510204,33328.5986394558,606112.108843537,23965.5238095238,21560.5442176871,0,0,0,0,0
"210",42,"Control",NA,8580,78.95,20.5,204,"StatelineRoad1",101.39,11200.8251561106,6083263,8151.78412132025,47799.4870651204,0,0,0,0,0,0,0,0,24158.1400535236,9455.86529884032,15684.7680642284,5503.32292595897,0,0,16901.7618198037,0,0,0,0,0,0,0,0
"230",46,"High",NA,12000,78.95,21.5,203,"StatelineRoad1",101.39,6329.34343434343,5863240,6229.82323232323,52825.2272727273,0,0,0,0,0,0,0,6731.23737373737,0,10363.2575757576,9352.37373737374,0,0,0,9440.60606060606,0,9435.55555555555,7553.58585858586,168797.171717172,0,0,0,0
"248",44,"Control",NA,8580,78.95,20.5,203,"StatelineRoad1",101.39,0,29125516,0,0,0,1733107.97037037,1795134.48888889,314074.548148148,0,0,0,0,0,0,0,0,0,0,0,0,0,0,0,0,0,0,0
"253",47,"High",NA,12000,78.95,21.5,203,"StatelineRoad1",101.39,0,1390726,156115.138772077,0,0,10573593.5239697,11086129.2682927,2104970.98402018,0,0,0,0,87924.4743481918,551844.070647603,115542.724978974,0,0,0,0,0,0,0,0,0,0,0,0
"271",45,"High",NA,12000,78.95,21.5,203,"StatelineRoad1",101.39,275786.07520564,1982091,60829.2596944771,0,794873.090481786,2818080.46415981,3434196.76850764,687563.631022327,0,32505.9048178613,49064.5417156287,87049.5005875441,0,85580.8754406581,104927.115158637,115452.937720329,91081.1985898943,0,0,0,266836.045828437,0,0,368859.900117509,0,0,0
"302",76,"Low",59.91,30240,79.24,16,209,"DesertWillow",103.795,0,57473161,0,0,0,0,0,112589.321789322,0,0,0,0,0,0,0,0,0,0,0,0,0,0,0,0,0,0,0
"305",78,"Low",59.91,30240,79.24,16,209,"DesertWillow",103.795,70157.120703024,47528744,0,0,244282.501938485,0,83647.0922719049,86073.7399844921,0,0,0,0,0,0,0,0,0,0,0,0,75304.6782114242,0,0,95486.3789092789,0,0,0
"313",77,"Low",59.91,30240,79.24,16,209,"DesertWillow",103.795,0,43076925,0,0,0,0,0,101465.794278758,0,0,0,0,206054.230066951,0,0,0,0,0,0,0,0,0,0,0,193695.252586732,0,0
"318",73,"Control",59.91,52416,79.24,14,209,"DesertWillow",103.795,0,53927675,0,0,0,0,0,48879.4053208138,0,0,0,0,0,0,0,0,0,0,0,0,0,0,0,0,0,0,0
"321",74,"Control",59.91,52416,79.24,14,209,"DesertWillow",103.795,0,29978225,0,0,0,0,0,0,0,0,0,0,0,0,0,0,0,0,0,0,0,0,0,0,0,0,0
"322",22,"Control",NA,11466,80.18,14,206,"FoothillsRoad1",103.44,0,2940497,0,0,0,0,0,0,0,0,0,0,0,0,0,1727.33893557423,0,0,1892.45098039216,0,0,0,0,0,1270.65826330532,0,0
"330",21,"Low",NA,23814,80.18,12.5,198,"FoothillsRoad1",103.44,0,6762290,13821.4239130435,26818.9239130435,0,0,0,0,0,0,0,0,0,9449.77173913043,0,0,0,0,0,269020.25,14919.8260869565,0,0,0,0,0,0
"337",24,"Control",NA,11466,80.18,14,198,"FoothillsRoad1",103.44,0,2710275,7402.17762035944,14457.5626393808,0,0,0,0,0,12798.347107438,0,0,0,0,0,0,0,9237.3606191788,6921.9992129083,0,7960.86842450479,0,223924.098124098,0,0,0,0
"345",19,"Low",NA,23814,80.18,12.5,198,"FoothillsRoad1",103.44,0,3069376,26929.2517006803,52591.768707483,0,0,0,0,0,0,0,0,0,0,0,0,0,0,0,0,25173.1632653061,0,691211.530612245,0,0,0,0
"350",20,"Low",NA,23814,80.18,12.5,198,"FoothillsRoad1",103.44,0,3249403,10553.1185031185,21136.9138369138,0,0,0,0,0,0,0,0,0,0,0,0,0,0,0,280787.641487641,10614.9572649573,0,0,0,0,0,0
"355",23,"Control",NA,11466,80.18,14,198,"FoothillsRoad1",103.44,0,2998065,14723.6871199558,32339.5798783858,0,0,0,0,0,0,0,0,0,0,0,0,0,0,0,0,14142.7860696517,0,405120.149253731,0,0,0,0
"360",56,"Control",30.09,75900,80.68,27,206,"Cloudt",111.43,0,3351063,0,1196.85660018993,0,0,0,0,0,0,0,0,2124.75783475783,0,0,0,0,0,0,0,0,0,0,0,2712.83950617284,5687.93922127256,0
"365",94,"Control",NA,5832,80.96,11.5,210,"WillowWash",103.01,0,58716739,0,0,207304.324324324,0,79252.7327327327,81104.3243243243,25620.7207207207,36132.4624624625,34260.8108108108,48327.0570570571,788052.822822823,0,0,0,0,0,0,0,0,0,0,75126.9069069069,0,0,0
"380",50,"Low",55.82,4860,81.11,13.5,206,"DeadTreeWash",121.368,0,31419920,0,0,74966.2483912484,0,0,0,0,122165.637065637,0,0,0,0,0,0,0,205825.868725869,81302.6383526384,0,0,82582.4324324324,0,0,0,0,0
"386",1,"Control",27.1,29988,81.51,12,197,"AnimasWash",110.728,0,6134556,30638.3510638298,61182.2074468085,0,0,0,0,0,0,0,0,0,0,0,0,0,0,0,0,19525.2659574468,0,306651.090425532,0,0,0,0
"392",11,"Low",27.1,81120,81.51,14.5,197,"AnimasWash",110.728,0,6483205,32416.987654321,62777.975308642,615779.283950617,0,0,0,0,0,0,0,0,0,0,0,0,0,0,706313.308641975,38667.0864197531,0,0,0,0,0,0
"399",12,"Control",27.1,29988,81.51,12,197,"AnimasWash",110.728,0,4026725,5473.42342342342,9666.64016958135,13792.7133015368,0,7462.9835718071,3350.63593004769,0,56987.519872814,0,0,0,6112.61261261261,4541.41494435612,4050.47694753577,10234.8171701113,39150.2384737679,12706.3328033916,9467.43508214096,4753.02066772655,17274.7747747748,0,0,0,0,0
"418",41,"Control",NA,20064,81.66,18,205,"PortalRoad2",105.51,0,1176224,0,0,0,259584.52079566,260846.618444846,10538.9873417722,0,0,0,0,0,0,0,0,0,0,0,0,0,0,0,0,0,41056.4556962025,0
"424",38,"Low",NA,7337,81.66,14.5,205,"PortalRoad2",105.51,0,1624309,63292.5441265977,0,0,1397514.05964699,1313769.99391357,634039.196591601,0,0,0,0,26632.0450395618,0,50648.8131466829,0,0,0,0,0,0,0,0,0,0,0,0
"437",40,"Control",NA,20064,81.67,18,205,"PortalRoad2",105.51,4382.72383652256,5359922,8800.98747932908,4011.37018662887,0,0,0,0,0,0,0,0,0,12466.5627214741,14058.4431845027,538.369950389794,0,13968.1644223955,12914.0609496811,0,722.501771793055,0,12910.4205055516,0,0,0,688.143160878809
"461",37,"Low",NA,7337,81.67,14.5,205,"PortalRoad2",105.51,12381.2877263581,5837408,30089.565967232,63725.6395515953,0,0,0,0,0,0,0,0,0,35236.2747916068,49250.4742742167,23206.8123023857,0,0,43437.5395228514,0,7096.8669157804,0,0,0,0,0,0
"481",85,"High",NA,3264,81.75,10.5,210,"FarmWash",110.79,0,73338373,0,0,0,0,0,165920.148749155,0,0,0,0,92803.7863421231,0,0,0,0,0,0,0,0,0,0,0,0,0,0
"485",67,"High",NA,47520,82.39,18.5,207,"Ace",105.06,0,3959560,0,0,0,0,0,0,0,0,0,0,4496.74074074074,0,0,0,0,0,0,0,0,0,0,0,0,0,0
"487",70,"Control",NA,69120,82.39,19,207,"Ace",105.06,0,4169684,5015.30448717949,9948.59775641026,22290.9054487179,0,11152.1233974359,0,0,43626.7628205128,0,0,0,7416.46634615385,6522.8766025641,5940.70512820513,16214.4631410256,56834.5753205128,21658.2532051282,14511.4182692308,7035.85737179487,21958.1330128205,0,0,0,0,0
"506",69,"High",NA,47520,82.39,18.5,207,"Ace",105.06,0,3901387,8834.69534050179,15954.0501792115,0,0,0,0,0,0,0,0,11114.0501792115,0,0,0,0,0,0,0,0,0,0,0,0,18759.1397849462,0
"512",72,"Control",NA,69120,82.39,19,207,"Ace",105.06,6541.86507936508,4586625,0,5737.85714285714,0,0,0,0,0,0,0,0,0,0,0,0,0,0,0,0,0,0,0,0,0,13831.0317460317,0
"516",116,"High",NA,17316,82.83,20.5,215,"Patriot",114.73,0,5204521,0,0,0,0,0,0,0,0,0,0,0,0,0,0,0,0,0,0,0,0,0,0,0,0,0
"517",120,"Control",NA,28500,82.83,22,215,"Patriot",114.73,0,4485370,0,0,0,0,0,0,0,0,0,0,0,0,0,0,0,0,0,0,0,0,0,0,0,13465.3947368421,0
"519",115,"High",NA,17316,82.83,20.5,215,"Patriot",114.73,0,4655190,0,0,0,0,0,0,0,0,0,0,0,0,0,0,0,0,0,0,0,0,0,0,0,0,0
"520",117,"High",NA,17316,82.83,20.5,215,"Patriot",114.73,0,3824925,5057.65050167224,8061.03678929766,0,0,0,0,0,0,0,0,10853.6789297659,0,0,0,0,0,0,0,0,0,0,0,0,42279.974916388,0
"525",110,"Low",47.19,19548,83.01,13,215,"Highway80_1",115.034,0,4509329,0,0,0,0,0,0,0,0,0,0,0,0,0,0,0,0,0,0,0,0,0,0,0,12003.6848072562,0
"527",111,"Low",47.193,19584,83.01,13,215,"Highway80_1",115.034,0,3321121,3809.08646800195,3572.08109428432,8074.23058133854,0,3961.57791890572,3203.07767464582,0,0,0,0,0,0,0,2973.49780166097,5716.43869076698,23315.8524670249,8863.06790425012,5197.53297508549,0,10104.7142159257,0,0,0,0,0
"539",114,"Control",47.193,15540,83.01,16.75,215,"Highway80_1",115.034,0,4042207,2935.73749187784,4898.63547758285,8123.56508555339,0,3967.44639376218,6069.74225687676,3164.56573532597,2731.34069742257,5683.08425384449,0,5216.24431448993,3731.79553822829,3111.37102014295,0,5672.31968810916,15650.010829543,8390.83820662768,5344.44444444444,0,15587.5676846437,0,0,0,20123.0452674897,0
"562",112,"Control",47.193,15540,83.01,16.75,215,"Highway80_1",115.034,0,3989176,2850.44893378227,3183.29592218481,4702.28208005986,0,0,0,0,0,0,0,0,0,0,0,3133.95061728395,12640.7220351665,5297.26898615787,2900.46763935653,0,4539.48746726524,0,0,0,0,0
"571",113,"Control",47.193,15540,83.01,NA,215,"Highway80_1",115.034,0,65987136,61324.3859649123,0,0,0,0,115626.286549708,0,0,59965.7894736842,0,972413.859649123,74413.6549707602,0,0,0,0,0,0,0,0,0,0,0,0,0
"580",7,"High",47.33,27676,83.3,17,197,"LizardWash",111.497,0,6877504,61230.9557109557,116000.979020979,0,0,0,0,0,0,0,0,0,0,0,0,0,0,0,0,56209.3706293706,0,882926.386946387,0,0,0,0
"587",2,"Control",47.33,11628,83.306,13.5,197,"LizardWash",111.497,39681.7932067932,1427931,4266.10889110889,12233.2667332667,0,0,0,0,1418.28171828172,0,0,0,16943.7562437562,0,1366.45854145854,0,0,0,0,0,2204.04595404595,0,0,0,0,0,0
"597",9,"High",47.33,27676,83.31,17,197,"LizardWash",111.497,256616.456876457,2950571,16331.0023310023,50622.7972027972,0,0,0,0,0,0,0,0,0,0,0,0,0,0,0,0,9367.45920745921,0,0,0,0,0,0
"603",4,"Control",47.33,11628,83.31,13.5,197,"LizardWash",111.497,0,3220023,0,0,8396.36422136422,0,3959.16988416988,0,0,12208.4942084942,0,0,0,0,0,0,5943.53281853282,20756.241956242,8119.78764478765,5387.58043758044,0,8101.70527670528,0,0,0,0,0
"612",10,"High",47.33,27676,83.31,17,197,"LizardWash",111.497,0,4040929,0,0,0,0,0,0,0,4582.79220779221,2631.5367965368,0,22941.4285714286,0,0,0,0,0,0,0,0,0,0,0,0,3593.65800865801,0
"620",5,"Control",47.33,11628,83.31,13.5,197,"LizardWash",111.497,0,3757873,0,4660.01540832049,0,0,0,0,0,0,0,0,0,0,0,0,0,0,0,0,0,0,0,0,0,23872.6502311248,0
"623",160,"Low",33.28,51832,83.67,19.5,222,"SouthForkNorth",119.487,0,2783477,2085.30544854155,2977.13263621354,0,0,0,0,0,0,0,0,0,0,0,0,0,0,0,0,0,0,0,0,0,2025.97688497523,0
"627",163,"Control",33.28,4788,83.67,16.5,222,"SouthForkNorth",119.487,0,2453260,2005.16983016983,3171.75324675325,6574.75024975025,0,2580.49450549451,6030.81918081918,2593.08191808192,0,2345.85414585415,0,0,3412.86213786214,2585.23976023976,0,4054.97002997003,0,6329.07092907093,4599.47552447552,3053.14685314685,17560.6643356643,0,0,0,3179.3956043956,0
"651",164,"Control",33.28,4788,83.67,16.5,222,"SouthForkNorth",119.487,0,6201510,0,0,0,0,0,0,0,0,27397.3973973974,0,0,0,0,0,0,0,0,0,0,0,0,0,0,0,0
"653",161,"Low",33.28,51832,83.67,19.5,222,"SouthForkNorth",119.487,0,19422532,0,0,0,0,0,0,0,0,0,0,0,0,0,0,0,0,0,0,0,0,0,0,0,0,0
"654",62,"Low",NA,36288,83.86,16.5,207,"Ace",107.28,0,3683996,0,0,0,0,0,0,0,0,0,0,0,0,0,0,0,0,0,0,0,0,0,0,0,7285.28618519628,0
"656",63,"Low",NA,36288,83.86,16.5,207,"Ace",107.28,0,4441944,4679.96323529412,8804.50367647059,0,0,0,0,0,0,0,0,32304.381127451,0,0,0,0,0,0,0,0,0,0,0,0,16976.868872549,0
"663",65,"Control",NA,25536,83.86,16,207,"Ace",107.28,0,4244049,5687.4546187979,10850.1815248084,0,0,0,0,0,0,0,0,0,0,0,0,0,0,0,0,0,0,0,0,0,26392.9003630496,0
"667",66,"Control",NA,25536,83.86,16,207,"Ace",107.28,0,3687996,3252.34741784038,0,0,0,0,0,0,0,0,0,3294.78351591028,0,0,0,0,0,0,0,0,0,0,0,0,23011.2676056338,0
"672",97,"Low",39.96,14430,85.95,17,213,"AnimasWash",113.898,0,2785324,2023.31243972999,2234.01639344262,3794.31051108968,0,0,3512.7531340405,0,0,3815.4050144648,0,0,0,2043.82835101254,0,2293.92478302797,5296.76952748312,4573.79459980714,2553.1581485053,0,11225.2651880424,0,0,0,13864.3442622951,0
"688",99,"Low",39.96,14430,85.95,17,213,"AnimasWash",113.898,0,2821307,0,1235.19827586207,0,0,0,0,0,0,0,0,1208.40517241379,0,0,0,0,0,0,0,0,0,0,0,0,1003.77586206897,0
"694",102,"Control",39.96,4598,85.95,15.5,213,"AnimasWash",113.898,0,3344535,4863.57346357346,4298.1277981278,14558.6080586081,0,7099.1452991453,5906.71550671551,0,0,0,0,0,0,4651.24135124135,0,9474.19617419617,25579.9348799349,19628.1237281237,9490.35409035409,0,24311.3146113146,0,0,0,6470.04477004477,0
"708",101,"Control",39.96,4598,85.95,15.5,213,"AnimasWash",113.898,3491.53377110694,3107211,0,3404.10412757974,0,0,0,0,0,0,0,0,4238.86022514071,0,0,0,0,0,0,0,0,0,0,0,0,7395.2861163227,0
"714",98,"Low",39.96,14430,85.95,17,213,"AnimasWash",113.898,0,3414399,0,2777.62104460541,0,0,0,0,0,0,0,0,2159.28326343881,0,0,0,0,0,0,0,0,0,0,0,0,2344.18604651163,0
"720",177,"High",30.45,22632,88.63,14.75,225,"SouthForkNorth",113.335,13282.6797385621,3279930,0,1475.19310754605,1642.29055258467,0,0,0,0,0,0,0,0,0,0,0,0,4196.10814022579,2661.70528817588,0,0,2550.95068330362,0,0,0,0,0
"728",176,"High",30.45,22632,88.63,14.75,225,"SouthForkNorth",113.335,59524.0384615385,3103303,0,5663.78205128205,0,0,0,0,0,0,0,0,0,10722.9807692308,0,0,0,0,0,0,0,0,0,0,0,0,0
"732",178,"Control",30.45,21812,88.63,18.5,225,"SouthForkNorth",113.335,62317.7093059446,3175022,2228.50918145036,5736.00995953937,0,0,0,0,0,0,0,0,0,0,0,0,0,3329.72300031124,2713.02521008403,0,0,0,0,0,0,0,0
"738",179,"Control",30.45,21812,88.63,18.5,225,"SouthForkNorth",113.335,34689.9122807017,3126557,1655.97953216374,4999.25438596491,0,0,0,0,0,0,0,0,0,0,0,0,0,0,0,0,0,0,0,0,0,0,0
"743",180,"Control",30.45,21812,88.63,18.5,225,"SouthForkNorth",113.335,40162.5666548169,3503892,2130.35904728048,5790.95271951653,0,0,0,0,0,0,0,0,0,0,0,0,0,0,0,0,0,0,0,0,0,0,0
"747",152,"Low",NA,36960,NA,15,222,"Quailway",NA,0,2999645,2344.58441558442,5646.74025974026,0,0,0,0,0,0,0,0,1453.61038961039,0,0,0,0,0,0,0,0,0,0,0,0,1326.01298701299,0
"755",145,"Low",NA,148125,NA,14,222,"PortalRoad5",NA,0,2820907,1904.42386831276,5144.18724279835,0,0,0,0,0,0,0,0,0,0,0,0,0,0,0,0,0,0,0,0,0,0,0
"759",106,"High",NA,44982,NA,14.5,213,"PortalRoad4",NA,0,2972745,0,0,0,0,0,0,0,0,21859.0273556231,0,10776.1094224924,0,0,0,0,0,0,0,0,0,0,0,0,7653.73860182371,0
"761",107,"High",NA,44982,NA,14.5,213,"PortalRoad4",NA,0,2870083,0,8410.05509641873,0,0,0,0,0,0,0,0,0,0,0,0,0,0,0,0,0,0,0,0,0,7542.01101928375,0
"764",108,"High",NA,44928,NA,14.5,213,"PortalRoad4",NA,0,3112418,0,7308.45481049563,10712.7915451895,0,5353.09766763848,3837.02623906706,0,0,0,0,0,0,0,5917.71137026239,7934.18367346939,23711.1151603499,16576.5306122449,6769.2055393586,0,9701.42128279883,0,0,0,0,0
"775",104,"Control",NA,29120,NA,18.5,213,"PortalRoad4",NA,0,3518326,0,4361.06349206349,0,0,0,0,0,0,0,0,0,0,0,0,0,0,0,0,0,0,0,0,0,8064.49206349206,0
"778",105,"Control",NA,29120,NA,18.5,213,"PortalRoad4",NA,0,3501663,0,4070.99547511312,0,0,0,0,0,0,0,0,0,0,0,0,0,0,0,0,0,0,0,0,0,3703.50678733032,0
"782",173,"Control",NA,12600,NA,19,225,"AnimasWash",NA,33242.1223958333,3060765,3183.07291666667,9593.81510416667,0,0,0,0,0,0,0,0,0,4462.66276041667,0,0,0,0,0,0,0,0,0,0,0,0,0
"788",170,"Low",NA,210012,NA,16.5,225,"AnimasWash",NA,13835.6170598911,2968200,0,0,0,0,0,0,0,0,0,0,0,0,0,0,0,0,0,0,0,0,0,0,0,0,0
"790",172,"Control",NA,12600,NA,19,225,"AnimasWash",NA,20036.8743509865,3018014,1060.18691588785,3316.70820353063,0,0,0,0,0,0,0,0,0,0,0,0,0,0,0,0,0,0,0,0,0,0,0
"795",174,"Control",NA,12600,NA,19,225,"AnimasWash",NA,20250.5555555556,2952186,1291.81944444444,2688.59722222222,2413.19444444444,0,1474.70833333333,2260.68055555556,0,0,0,0,0,0,2601.51388888889,2515.65277777778,1735.06944444444,6250.02777777778,3581.84722222222,1481.20833333333,0,5601.19444444444,0,0,0,0,0
"810",171,"Low",NA,210012,NA,16.5,225,"AnimasWash",NA,39609.875,3021972,0,6077.1875,6647.3125,0,0,0,0,0,0,0,0,0,6986.625,0,0,9715.0625,8549.5,0,0,17289.1875,0,0,0,0,0
"819",169,"Low",NA,210012,NA,16.5,225,"AnimasWash",NA,31572.2591362126,3178530,0,4601.07973421927,0,0,0,0,0,0,0,0,0,0,0,0,0,0,0,0,0,0,0,0,0,4203.73754152824,0
"824",138,"Control",NA,20350,NA,14.5,221,"ToadPond2",NA,0,4124277,0,0,0,0,0,0,0,0,0,0,0,0,0,0,0,0,0,0,0,0,0,0,2987.70726129217,2383.74309129026,0
"827",140,"High",NA,4862,NA,15,221,"LizardWash",NA,0,3395416,3606.08070757325,4327.83305693753,0,0,0,0,0,0,0,0,0,0,0,0,0,0,0,0,0,0,0,0,0,3955.47263681592,0
"831",141,"High",NA,4862,NA,15,221,"LizardWash",NA,0,3181751,0,5015.98214285714,4900.04464285714,0,0,0,0,0,0,0,0,0,0,0,0,14883.3482142857,5017.00892857143,0,0,9505.625,0,0,0,0,0
"837",139,"High",NA,4862,NA,15,221,"LizardWash",NA,0,4220883,0,0,0,0,0,0,0,0,0,0,0,0,0,0,0,0,0,0,0,0,0,0,0,2953.78201310304,0
"839",137,"Control",NA,20350,NA,14.5,221,"ToadPond2",NA,0,5043088,3979.23850574713,5022.31800766284,0,0,0,0,0,0,0,0,3651.4367816092,0,0,0,0,0,0,0,0,0,0,0,0,9405.77107279694,0
"845",134,"Low",NA,5408,NA,10,221,"ToadPond2",NA,0,6803404,12056.7765567766,15846.4678178964,34674.0450026164,0,17924.3851386709,23234.7985347985,10770.2773417059,0,11115.4892726321,0,0,0,11146.991104134,13182.4699110413,25194.5578231293,92373.1030873888,34771.7948717949,23009.1575091575,0,59389.9005756149,0,0,0,0,0
"865",153,"Low",NA,36960,NA,15,222,"Quailway",NA,0,4992097,10194.6731234867,11981.5496368039,14751.1380145278,0,7405.47215496368,8969.97578692494,0,0,0,0,0,0,0,0,9397.28813559322,35789.9273607748,14993.5593220339,9128.0387409201,0,25960.8232445521,0,0,0,0,0
"876",154,"Control",NA,25480,NA,15,222,"Quailway",NA,0,964312,0,0,0,0,0,0,0,0,0,0,0,0,0,0,0,0,0,0,0,0,0,0,0,0,0
"877",151,"Low",NA,36960,NA,15,222,"Quailway",NA,0,4615626,0,0,0,0,0,0,0,0,0,0,0,0,0,0,0,0,0,0,0,0,0,0,0,0,0
"878",156,"Control",NA,25480,NA,15,222,"Quailway",NA,0,1143181,0,5319.31623931624,0,0,0,0,0,0,0,0,0,0,0,0,0,0,0,0,0,0,0,0,0,0,0
"881",155,"Control",NA,25480,NA,15,222,"Quailway",NA,0,3796641,0,8524.35344827586,13242.9597701149,0,0,8977.01149425287,0,0,0,0,0,0,0,0,0,30861.7816091954,13323.4195402299,8634.26724137931,0,27539.4396551724,0,0,0,0,0
"889",150,"Control",NA,113960,NA,NA,222,"PortalRoad5",NA,9231.2193627451,5322481,0,9067.64705882353,0,0,0,0,0,0,0,0,0,0,0,0,0,0,0,0,0,0,0,0,0,0,0
"892",149,"Control",NA,113960,NA,NA,222,"PortalRoad5",NA,0,7586619,0,0,5141.95506982392,0,0,0,0,0,0,0,0,0,0,0,0,9438.41327666464,5483.82918437563,0,0,8090.97348714835,0,0,0,0,0
"897",148,"Control",NA,113960,NA,NA,222,"PortalRoad5",NA,0,4045194,5067.42281033396,5674.57466918715,10088.3427851292,0,5143.85633270321,6939.57151858853,0,0,0,0,0,0,5844.48645242596,0,6152.99306868305,22338.9098928796,10365.0598613737,6506.08065532451,0,17170.415879017,0,0,0,0,0
"909",146,"Low",NA,148125,NA,14,222,"PortalRoad5",NA,0,4081747,0,2460.52862149533,0,0,0,0,0,0,0,0,0,0,0,0,0,0,0,0,0,0,0,0,0,0,0
"911",147,"Low",NA,148125,NA,14,222,"PortalRoad5",NA,0,4587641,1593.5625,2041.21875,0,0,0,0,0,0,0,0,0,0,0,0,0,0,0,0,0,0,0,0,0,3435.32291666667,0
"915",39,"Control",NA,20064,NA,18,222,"PortalRoad2",105.31,0,1176224,0,0,0,237351.587301587,238505.588624339,9636.34259259259,0,0,0,0,0,0,0,0,0,0,0,0,0,0,0,0,0,37540.0462962963,0
"924",127,"Low",NA,18870,NA,16.5,217,"ToadPond2",NA,0,85756248,0,0,0,0,0,69911.525974026,0,0,31845.3530844156,0,24669.5008116883,0,0,0,0,0,0,0,0,0,0,0,0,0,0
"929",135,"Low",NA,5408,NA,10,221,"ToadPond2",NA,0,59574894,0,0,0,0,0,184061.945812808,0,0,0,0,1470759.85221675,0,0,0,0,0,0,0,0,0,0,0,0,0,0
"934",133,"Low",NA,5408,NA,10,221,"ToadPond2",NA,0,38561495,0,0,0,0,0,81429.25,0,0,0,0,671452.55,0,0,0,0,0,0,0,0,0,0,0,0,0,0
